Patient ID;A1C Level;Blood Pressure (systolic);Blood Pressure (diastolic);Diagnosis Date
1;5.6;120;80;01/01/2024
2;6.2;130;85;02/01/2024
3;7.1;140;90;03/01/2024
4;6.5;125;82;04/01/2024
5;5.8;118;78;05/01/2024
6;6.9;135;88;06/01/2024
7;7.2;142;92;07/01/2024
8;6.1;128;84;08/01/2024
9;5.7;122;80;09/01/2024
10;6.4;130;86;10/01/2024
11;5.9;119;79;11/01/2024
1;6.3;131;87;12/01/2024
2;7.0;138;89;13/01/2024
3;6.6;126;83;14/01/2024
4;5.5;117;77;15/01/2024
5;6.8;134;86;16/01/2024
6;7.3;143;93;17/01/2024
7;6.0;120;80;18/01/2024
8;5.7;121;81;19/01/2024
9;6.5;129;85;20/01/2024
10;6.1;127;84;21/01/2024
11;6.9;136;88;22/01/2024
1;7.2;141;91;23/01/2024
2;5.8;118;78;24/01/2024
3;6.4;132;87;25/01/2024
4;5.6;120;80;26/01/2024
5;6.2;130;85;27/01/2024
6;7.1;140;90;28/01/2024
7;6.5;125;82;29/01/2024
8;5.8;118;78;30/01/2024
9;6.9;135;88;31/01/2024
10;7.2;142;92;01/02/2024
11;6.1;128;84;02/02/2024
1;5.7;122;80;03/02/2024
2;6.4;130;86;04/02/2024
3;5.9;119;79;05/02/2024
4;6.3;131;87;06/02/2024
5;7.0;138;89;07/02/2024
6;6.6;126;83;08/02/2024
7;5.5;117;77;09/02/2024
8;6.8;134;86;10/02/2024
9;7.3;143;93;11/02/2024
10;6.0;120;80;12/02/2024
11;5.7;121;81;13/02/2024
1;6.5;129;85;14/02/2024
2;6.1;127;84;15/02/2024
3;6.9;136;88;16/02/2024
4;7.2;141;91;17/02/2024
5;5.8;118;78;18/02/2024
6;6.4;132;87;19/02/2024
7;5.6;120;80;20/02/2024
8;6.2;130;85;21/02/2024
9;7.1;140;90;22/02/2024
10;6.5;125;82;23/02/2024
11;5.8;118;78;24/02/2024
1;6.9;135;88;25/02/2024
2;7.2;142;92;26/02/2024
3;6.1;128;84;27/02/2024
4;5.7;122;80;28/02/2024
5;6.4;130;86;01/03/2024
6;5.9;119;79;02/03/2024
7;6.3;131;87;03/03/2024
8;7.0;138;89;04/03/2024
9;6.6;126;83;05/03/2024
10;5.5;117;77;02/03/2024
11;6.8;134;86;02/04/2024
